58.77
58.78
58.79
58.805
58.81
58.81
58.815
58.815
58.82
58.815
58.815
58.815
58.815
58.82
58.82
58.815
58.815
58.815
58.85
58.85
58.83
58.83
58.83
58.85
58.85
58.86
58.87
58.87
58.9
58.915
58.95
58.93
58.875
58.875
58.89
58.875
58.89
58.89
58.89
58.84
58.84
58.83
58.83
58.83
58.82
58.82
58.82
58.82
58.82
58.82
58.83
58.83
58.83
58.83
58.84
58.84
58.85
58.875
58.88
58.89
58.915
58.92
58.92
58.94
58.95
58.94
58.94
58.9
58.89
58.89
58.9
58.91
58.91
58.92
58.92
58.925
58.93
58.93
58.945
58.93
58.93
58.93
58.93
58.93
58.91
58.92
58.92
58.92
58.93
58.9
58.9
58.9
58.89
58.91
58.88
58.895
58.895
58.91
58.915
58.915
58.915
58.915
58.915
58.9
58.91
58.905
58.905
58.91
58.91
58.91
58.93
58.93
58.93
58.92
58.92
58.92
58.92
58.92
58.93
58.93
58.94
58.95
58.94
58.93
58.92
58.91
58.91
58.91