61.02
61.02
61.02
61.02
61.02
61.0
61.0
61.0
60.99
60.99
60.995
60.995
60.99
60.99
61.0
61.0
61.0
61.0
61.0
61.005
61.0
61.0
61.0
60.99
60.99
60.98
60.98
60.98
60.98
60.98
60.98
60.98
60.98
60.975
60.975
60.97
60.985
60.985
60.97
60.97
60.96
60.95
60.95
60.945
60.94
60.94
60.935
60.9
60.9
60.89
60.89
60.91
60.91
60.93
60.93
60.95
60.95
60.96
60.96
60.965
60.97
60.96
60.96
60.95
60.97
60.97
60.96
60.96
60.96
60.96
60.96
60.95
60.945
60.94
60.94
60.94
60.94
60.94
60.97
60.97
60.98
60.98
60.98
60.98
60.98
60.98
61.0
61.0
60.96
60.945
60.95
60.95
60.95
60.93
60.92
60.91
60.91
60.89
60.89
60.895
60.895
60.895
60.88
60.86
60.86
60.86
60.84
60.84
60.84
60.85
60.86
60.85
60.86
60.87
60.89
60.89
60.89
60.89
60.89
60.9
60.89
60.9
60.89
60.89
60.89
60.89
60.905
60.95
60.96
60.99
60.99
60.99
61.0
61.005
61.01
61.02
61.02
61.02
61.01
61.01
61.0
61.0
61.0
60.995
60.99
60.985
60.97
60.97
60.97
60.97
60.97
60.97
60.96
60.96
60.94
60.94
60.94
60.95
60.95
60.95
60.95
60.95
60.94
60.95
60.95
60.96
60.955
60.955
60.955
60.96
60.96
60.96
60.96
60.96
60.96
60.96
60.935
60.93
60.92
60.92
60.93
60.945
60.945
60.94
60.94
60.955
60.96
60.96
60.96
60.96
60.95
60.96
60.94
60.935
60.935
60.945
60.99
60.99
60.99
61.0
61.01
60.99
60.99
60.985
61.0
61.0
60.99
60.99
61.0
60.995
60.99
61.02
61.0
60.99
60.985
60.985
60.985
60.985
60.985
60.985
60.985
60.98
60.98
60.98
60.98
60.98
60.98
60.98
60.99
60.98
60.99
61.0
61.0
61.0
61.0
60.995
61.01
61.02
61.025
61.025
61.01
61.02
61.02
61.02
61.0
61.0
61.0
61.0
61.01
61.02
61.025
61.025
61.025
61.04
61.05
61.05
61.045
61.035
61.035
61.04
61.04
61.04
61.04
61.04
61.04
61.04
61.04
61.04
61.01
61.01
61.01
61.01
61.055
61.05
61.045
61.06
61.06
61.07
61.07
61.06
61.06
61.06
61.06
61.05
61.05
61.05
61.04
61.04
61.04
61.04
61.16
61.16
61.165
61.13
61.13
61.13
61.13
61.12
61.12
61.11
61.11
61.1
61.1
61.07
61.06
61.06
61.05
61.07
61.07
61.08
61.12
61.095
61.1
61.1
61.12
61.12
61.16
61.105
61.12
61.125
61.135
61.145
61.13
61.135
61.15
61.13
61.13
61.13
61.135
61.14
61.14
61.135
61.135
61.12
61.12
61.12
61.12
61.11
61.11
61.12
61.14
61.14
61.14
61.14
61.16
61.17
61.16
61.16
61.17
61.16
61.16
61.16
61.17
61.17
61.17
61.18
61.18
61.18
61.195
61.2
61.205
61.205
61.2
61.2
61.2
61.19
61.19
61.19
61.19
61.195
61.205
61.21
61.22
61.22
61.2
61.2
61.2
61.2
61.185
61.175
61.17
61.16
61.15
61.15
61.14
61.14
61.135
61.155
61.15
61.15
61.15
61.15
61.155
61.14
61.14
61.14
61.14
61.14
61.13
61.13
61.13
61.13
61.13
61.13
61.12
61.12
61.12
61.12
61.12
61.12
61.12
61.12
61.12
61.12
61.12
61.12
61.12
61.11
61.12
61.12
61.14
61.14
61.15
61.15
61.28
61.29
61.27
61.27
61.295
61.295
61.325
61.315
61.31
61.32
61.32
61.33
61.33
61.34
61.34
61.335
61.335
61.335
61.33
61.32
61.32
61.32