59.78
59.78
59.78
59.785
59.815
59.815
59.83
59.83
59.82
59.82
59.82
59.82
59.82
59.81
59.815
59.795
59.795
59.795
59.795
59.8
59.765
59.76
59.76
59.76
59.76
59.76
59.76
59.78
59.79
59.815
59.74
59.74
59.74
59.73
59.73
59.72
59.72
59.72
59.72
59.76
59.71
59.695
59.71
59.705
59.715
59.67
59.7
59.65
59.65
59.63
59.605
59.625
59.625
59.61
59.61
59.61
59.61
59.63
59.63
59.635
59.635
59.64
59.645
59.65
59.65
59.65
59.66
59.66
59.66
59.66
59.66
59.67
59.66
59.66
59.66
59.66
59.66
59.67
59.67
59.67
59.67
59.67
59.67
59.67
59.67
59.67
59.68
59.68
59.68
59.69
59.69
59.71
59.7
59.7
59.7
59.69
59.685
59.685
59.685
59.685
59.685
59.68
59.68
59.7
59.675
59.65
59.65
59.65
59.66
59.65
59.64
59.65
59.66
59.675
59.65
59.62
59.63
59.65
59.61
59.6
59.6
59.6
59.6
59.61
59.63
59.62
59.61
59.58
59.575
59.58
59.57
59.59
59.575
59.58
59.58
59.59