62.54
62.54
62.54
62.55
62.54
62.54
62.54
62.535
62.55
62.545
62.55
62.54
62.54
62.53
62.53
62.53
62.525
62.525
62.52
62.525
62.525
62.53
62.535
62.54
62.54
62.53
62.53
62.52
62.52
62.51
62.51
62.5
62.49
62.49
62.48
62.48
62.48
62.48
62.48
62.48
62.47
62.49
62.49
62.49
62.49
62.48
62.48
62.45
62.44
62.435
62.435
62.44
62.44
62.4
62.39
62.385
62.38
62.355
62.35
62.33
62.34
62.34
62.37
62.38
62.38
62.37
62.365
62.36
62.355
62.36
62.36
62.36
62.36
62.37
62.37
62.37
62.38
62.38
62.39
62.39
62.39
62.39
62.39
62.39
62.37
62.37
62.37
62.37
62.38
62.38
62.37
62.38
62.38
62.37
62.36
62.37
62.35
62.36
62.37
62.37
62.37
62.37
62.38
62.385
62.36
62.34
62.325
62.34
62.355
62.36
62.36
62.36
62.35
62.355
62.35
62.365
62.36
62.37
62.37
62.37
62.39
62.39
62.39
62.4
62.39
62.39
62.39
62.39
62.39
62.4
62.41
62.42
62.42
62.43
62.43
62.43
62.44
62.43
62.42
62.42
62.42
62.42
62.425
62.425
62.43
62.43
62.44
62.47
62.47
62.47
62.48
62.49
62.49
62.48
62.48
62.48
62.47
62.46
62.46
62.47
62.47
62.47
62.47
62.48
62.49
62.51
62.515
62.515
62.51
62.505
62.51
62.51
62.51
62.5
62.49
62.49
62.49
62.49
62.49
62.495
62.505
62.505
62.52
62.51
62.52
62.52
62.53
62.53
62.54
62.54
62.54
62.55
62.59
62.59
62.62
62.61
62.6
62.6
62.6
62.6
62.57
62.57
62.57
62.57
62.59
62.59
62.59
62.59
62.58
62.58
62.575
62.58
62.575
62.575
62.56
62.56
62.57
62.57
62.59
62.62
62.64
62.64
62.64
62.62
62.62
62.62
62.615
62.615
62.615
62.615
62.615
62.615
62.615
62.6
62.6
62.6
62.6
62.6
62.6
62.56
62.56
62.56
62.555
62.54
62.57
62.57
62.57
62.57
62.56
62.56
62.57
62.57
62.55
62.55
62.55
62.55
62.55
62.555
62.55
62.55
62.55
62.55
62.55
62.55
62.55
62.555
62.555
62.565
62.565
62.565
62.565
62.565
62.565
62.55
62.55
62.55
62.55
62.55
62.55
62.56
62.55
62.55
62.55
62.55
62.55
62.56
62.56
62.55
62.56
62.57
62.595
62.595
62.65
62.65
62.64
62.63
62.63
62.63
62.63
62.62
62.62
62.62
62.615
62.615
62.615
62.615
62.615
62.615
62.615
62.63
62.63
62.65
62.65
62.65
62.63
62.635
62.635
62.635
62.635
62.62
62.62
62.625
62.625
62.62
62.625
62.625
62.63
62.63
62.63
62.635
62.64
62.64
62.64
62.64
62.635
62.63
62.63
62.625
62.62
62.615