60.77
60.77
60.77
60.77
60.79
60.8
60.8
60.8
60.78
60.775
60.77
60.77
60.77
60.77
60.74
60.75
60.75
60.75
60.77
60.77
60.77
60.71
60.74
60.75
60.75
60.75
60.75
60.75
60.7
60.68
60.625
60.625
60.64
60.64
60.605
60.6
60.6
60.6
60.575
60.57
60.57
60.57
60.57
60.56
60.575
60.58
60.57
60.57
60.575
60.575
60.58
60.58
60.58
60.61
60.61
60.625
60.63
60.64
60.65
60.64
60.65
60.65
60.665
60.67
60.67
60.675
60.64
60.63
60.64
60.64
60.64
60.64
60.64
60.64
60.63
60.64
60.64
60.64
60.64
60.635
60.64
60.63
60.61
60.61
60.62
60.62
60.63
60.63
60.63
60.63
60.63
60.63
60.63
60.63
60.63
60.6
60.6
60.61
60.61
60.61
60.61
60.61
60.61
60.61
60.61
60.6
60.61
60.61
60.595
60.59
60.585
60.59
60.6
60.63
60.64
60.63
60.62
60.62
60.61
60.61
60.59
60.61
60.61
60.61
60.62
60.63
60.6
60.6
60.6
60.59
60.625
60.61
60.6
60.6
60.62
60.62
60.62
60.62
60.62
60.62
60.62
60.61
60.61
60.61
60.61
60.61
60.61
60.61
60.61
60.61
60.61
60.61
60.61
60.61
60.61
60.61
60.61
60.61
60.61
60.61
60.61
60.6
60.6
60.6
60.6
60.59
60.58
60.58
60.57
60.52
60.52
60.52
60.52
60.51
60.51
60.51
60.51
60.51
60.51
60.5
60.5
60.5
60.495
60.495
60.495
60.495
60.495
60.495
60.49
60.51
60.51
60.505
60.505
60.505
60.5
60.5
60.5
60.48
60.52
60.52
60.52
60.52
60.52
60.52
60.48
60.45
60.44
60.44
60.44
60.46
60.46
60.445
60.445
60.44
60.45
60.46
60.46
60.46
60.45
60.45
60.46
60.41