60.27
60.28
60.26
60.265
60.255
60.25
60.25
60.245
60.27
60.25
60.245
60.24
60.25
60.22
60.22
60.22
60.215
60.215
60.215
60.24
60.24
60.26
60.29
60.29
60.27
60.27
60.25
60.27
60.27
60.27
60.27
60.29
60.29
60.27
60.275
60.28
60.28
60.25
60.25
60.26
60.275
60.275
60.26
60.265
60.25
60.24
60.245
60.26
60.26
60.26
60.27
60.27
60.28
60.31
60.32
60.33
60.34
60.34
60.34
60.32
60.31
60.31
60.32
60.315
60.33
60.32
60.29
60.29
60.28
60.3
60.3
60.31
60.31
60.31
60.31
60.29
60.29
60.29
60.29
60.29
60.29
60.29
60.29
60.29
60.29
60.25
60.24
60.24
60.25
60.26
60.28
60.28
60.26
60.245
60.24
60.24
60.24
60.25
60.25
60.23
60.235
60.25
60.23
60.2
60.205
60.22
60.215
60.22
60.205
60.205
60.2
60.2
60.205
60.21
60.21
60.21
60.21
60.19
60.2
60.2
60.2
60.2
60.185
60.19
60.185
60.17
60.17
60.17
60.17
60.17
60.17
60.18
60.18
60.21
60.22
60.22
60.22
60.22
60.21
60.215
60.23
60.23
60.22
60.22
60.22
60.22
60.22
60.22
60.2
60.2
60.2
60.21
60.21
60.21
60.215
60.23
60.235
60.23
60.215
60.215
60.21
60.21
60.2
60.19
60.17
60.15
60.15
60.16
60.16
60.145
60.14
60.14
60.14
60.16
60.17
60.19
60.19
60.18
60.18
60.19
60.19
60.165
60.165
60.17
60.21
60.21
60.22
60.205
60.205
60.215
60.2
60.2
60.2
60.2
60.2
60.2
60.195
60.15
60.15
60.14
60.13
60.12
60.115
60.13
60.13
60.13
60.125