59.8
59.64
59.64
59.66
59.66
59.66
59.64
59.63
59.63
59.63
59.63
59.58
59.645
59.645
59.55
59.47
59.45
59.44
59.445
59.445
59.45
59.465
59.45
59.44
59.41
59.41
59.495
59.48
59.525
59.52
59.51
59.51
59.51
59.49
59.485
59.705
59.63
59.63
59.71
59.77
59.78
59.78
59.78
59.765
59.76
59.78
59.79
59.79
59.81
59.81
59.82
59.805
59.76
59.76
59.76
59.76
59.78
59.76
59.83
59.83
59.83
59.825
59.825
59.81
59.81
59.81
59.84
59.84
59.82
59.82
59.82
59.83
59.83
59.83
59.78
59.76
59.75
59.74
59.695
59.71
59.72
59.7
59.71
59.695
59.7
59.68
59.69
59.69
59.69
59.685
59.67
59.68
59.69
59.67
59.685
59.675
59.68
59.7
59.7
59.7
59.71
59.7
59.71
59.71
59.71
59.7
59.7
59.7
59.7
59.71
59.74
59.76
59.76
59.765
59.76
59.75
59.74
59.72
59.69
59.69
59.675
59.675
59.675
59.69
59.69
59.7
59.7
59.7
59.7
59.69
59.7
59.675
59.68
59.67
59.67
59.67
59.67
59.67
59.67
59.67
59.67
59.655
59.68
59.68
59.68
59.69
59.69
59.69
59.68
59.68
59.67
59.665
59.67
59.67
59.64
59.64
59.63
59.61
59.61
59.63
59.63
59.65
59.66
59.64
59.64
59.64
59.62
59.62
59.615
59.615
59.615
59.615
59.63
59.62
59.62
59.85
59.84
59.85
59.85
59.855
59.85
59.85
59.85
59.85
59.85
59.85
59.86
59.86
59.86
59.86
59.86
59.86
59.86
59.85
59.88
59.89
59.9
59.93
59.95
59.95
59.99
60.0
60.0
60.0
59.99
59.99
59.98
59.98
59.98
59.97
59.99
59.98
59.98
59.99
59.99
59.94
59.915
59.9
59.895
59.895
59.88
59.88
59.91
59.91
59.91
59.91
59.91
59.895
59.895
59.895
59.895
59.895
59.895
59.895
59.895
59.895
59.895
59.895
59.895
59.895
59.895
59.895
59.895
59.895
59.895
59.895
59.89
59.88
59.88
59.88
59.88
59.88
59.89
59.89
59.89
59.89
59.89
59.88
59.87
59.87
59.87
59.87
59.865
59.865
59.92
59.92
59.92
59.92
59.92
59.93
59.92
59.91
59.91
59.92
59.92
59.93
59.94
59.945
59.94
59.94
59.94
59.94
59.94
59.94
59.94
59.95
59.94
59.94
59.94
59.94
59.94
59.94
59.94
59.94
59.94
59.94
59.94
59.94
59.94
59.94
59.94
59.94
59.94
59.94
59.94
59.94
59.94
59.94
59.94
59.94
59.94
59.94
59.94
59.94
59.94
59.93
59.925
59.93
59.93
59.93
59.94
59.94
59.94
59.94
59.94
59.945
59.935
59.935
59.935
59.92
59.92
59.92
59.915
59.92
59.92
59.92
59.92
59.92
59.92
59.92
59.92
59.92
59.92
59.92
59.92
59.92
59.92
59.92
59.92
59.92
59.92
59.92
59.92
59.9
59.89
59.89
59.89
59.89
59.89
59.88
59.88
59.88
59.88
59.87
59.86
59.865
59.855
59.855
59.88
59.88
59.89
59.88
59.88
59.88
59.88
59.88
59.87
59.88
59.88
59.89
59.905
59.9
59.91
59.91
59.91
59.91
59.91
59.91
59.91
59.905
59.905
59.905
59.905
59.92
59.92
59.93
59.935
59.95
59.96
59.955
59.95
59.95
59.95
59.95
59.95
59.96
59.96
59.965
59.965
59.965
59.965
59.96
59.96
59.96
59.96
59.96
59.96
59.96
59.96
59.96
59.96
59.96
59.96
59.95
59.96
59.96
59.96
59.96
59.96
59.97
59.975
59.98
59.98
59.98
59.98
59.955
59.955
59.955
59.955
59.955
59.955
59.975
59.985
59.99
59.99
60.005
60.005
60.005
60.005
60.005
60.005
60.01
60.01
60.01
60.01
60.01
60.01
60.01
60.01
60.01
60.01
60.01
60.02
60.035
60.035
60.035
60.035
60.03
60.03
60.03
60.03
60.015
60.02
60.02
60.02
60.025
60.03
60.03
60.035
60.045
60.045
60.04
60.04
60.04
60.04
60.04
60.04
60.04
60.04
60.03
60.03
60.03
60.03
59.995
60.0
59.99
59.97
59.97
59.98
59.97
59.965
59.97
59.97
59.965
59.965
59.965
59.965
59.965
59.965
59.965
59.965
59.965
59.97
59.98
59.98
59.98
59.98
59.97
59.985
59.98
59.99
59.98
59.98
59.975
59.975
59.965
59.96
59.96
59.96
59.95
59.965
59.965
59.965
59.965
59.965
59.965
59.965
59.975
59.975
59.975
59.975
59.975
59.975
59.97
59.97
59.975
59.975
59.98
59.98
59.99
59.99
59.99
59.995
59.995
60.0
60.0