59.15
59.15
59.15
59.14
59.14
59.13
59.14
59.14
59.14
59.135
59.14
59.14
59.135
59.15
59.15
59.13
59.145
59.155
59.155
59.17
59.19
59.19
59.18
59.17
59.175
59.16
59.17
59.17
59.17
59.17
59.17
59.17
59.17
59.205
59.21
59.21
59.21
59.21
59.21
59.21
59.21
59.2
59.2
59.2
59.2
59.19
59.195
59.195
59.17
59.17
59.17
59.16
59.16
59.16
59.155
59.16
59.17
59.16
59.16
59.16
59.15
59.14
59.15
59.145
59.15
59.15
59.15
59.15
59.16
59.16
59.16
59.16
59.155
59.155
59.165
59.165
59.165
59.165
59.165
59.175
59.175
59.17
59.175
59.175
59.14
59.135
59.13
59.13
59.13
59.13
59.135
59.125
59.125
59.13
59.13
59.13
59.13
59.13
59.13
59.14
59.14
59.14
59.15
59.15
59.155
59.155
59.12
59.12
59.11
59.11
59.11
59.11
59.12
59.12
59.12
59.12
59.12
59.13
59.13
59.14
59.15
59.14
59.15
59.15
59.15
59.15
59.15
59.15
59.15
59.16
59.16