178.325
178.29
178.29
178.12
178.12
178.075
178.08
178.09
178.145
178.11
178.1
178.13
178.16
178.19
178.19
178.19
178.185
178.27
178.27
178.27
178.23
178.215
178.215
178.26
178.255
178.225
178.23
178.19
178.18
178.16
178.065
178.065
177.95
177.945
177.97
177.965
177.97
177.995
177.995
177.995
178.01
178.01
178.02
178.07
178.08
178.09
178.09
178.05
178.04
178.09
178.1
178.11
178.12
178.06
178.0
177.98
177.98
177.98
177.98
177.99
178.06
178.06
178.06
178.06
178.06
178.06
178.06
177.97
178.02
178.09
178.09
178.115
178.11
178.11
178.08
178.1
178.21
178.22
178.285
178.26
178.26
178.25
178.28
178.28
178.28
178.28
178.28
178.27
178.28
178.27
178.27
178.27
178.27
178.27
178.28
178.28
178.28
178.28
178.28
178.28
178.28
178.28
178.28
178.28
178.28
178.28
178.265
178.215
178.17
178.1
178.105
178.06
178.06
178.1
178.09
178.16
178.86
178.87
178.905
178.915
178.885
178.9
178.9
178.885
178.92
178.92
178.92
178.92
178.98
178.995
178.975
178.97
178.955
178.975
178.975
178.985
178.985
179.0
179.0
179.0
179.0
179.0
179.0
179.005
179.02
179.02
179.02
179.09
179.095
179.1
179.09
179.1
179.1
179.15
179.155
179.14
179.14
179.12
179.12
179.15
179.105
179.105
179.09
179.075
179.08
179.08
179.08
179.08
179.08
179.08
179.08
179.08
179.08
179.08
179.08
179.04
179.04
179.01
178.96
179.01
179.0
178.99
178.965
178.96
178.79
178.77
178.785
178.84
178.85
178.86
178.86
178.85
178.87
178.89
178.88
178.875
178.88
178.915
178.92
178.93
178.94
178.995
179.01
179.015
179.015
179.02
179.02
179.02
179.025
179.09
179.07
179.07
179.11
179.11
179.115
179.17
179.205
179.19
179.095
179.055
179.07
179.02
179.05
179.06
179.06
179.11
179.14
179.14
179.14
179.1
179.14
179.12
179.125
179.12
179.12
179.12
179.12
179.12
179.11
179.11
179.11
179.11
179.14
179.13
179.02
179.02
179.055
179.03
179.05
179.01
178.99
178.93
178.95
178.89
178.845
178.87
178.825
178.84
178.85
178.88
178.89
178.89
178.89
178.88
178.88
178.9
178.9
178.9
178.79
178.73
178.72
178.74
178.74
178.73
178.69
178.69
178.68
178.73
178.72
178.75
178.77
178.77
178.77
178.655
178.705
178.745
178.735
178.75
178.75
178.75
178.78
178.795
178.815
178.84
178.835
178.87
178.875
178.87
179.02
179.03
179.0
179.0
178.99
178.98
178.99
178.98
178.985
178.975
178.975
178.99
178.925
178.97
178.985
178.985
178.955
178.94
178.95
178.98
178.99
178.985
178.96
178.96
178.91
178.91
178.935
178.93
178.95
178.95
178.95
178.95
178.95
178.95
178.955
178.95
178.95
178.91
178.91
178.9
178.91
178.91
178.92
178.92
178.92
178.91
178.91
178.91
178.88
178.87
178.895
178.895
178.91
178.91
178.91
178.9
178.91
178.89
178.89
178.88
178.885
178.88
178.88
178.88
178.915
178.94
178.955
178.955
179.03
179.03
179.025
179.035
179.13
179.13
179.06
179.03
179.03
178.98
178.92
178.86
178.69
178.71
178.71
178.72
178.72
178.715
178.71
178.71
178.72
178.72
178.71
178.69
178.68
178.66
178.63
178.62
178.62
178.685
178.685
178.68
178.69
178.72
178.68
178.62
178.63
178.63
178.63
178.64
178.62
178.67
178.54
178.55
178.54
178.555
178.56
178.56
178.57
178.65
178.65
178.67
178.68
178.73
178.85
178.85
178.805
178.72