179.55
179.55
179.55
179.59
179.42
179.41
179.41
179.35
179.36
179.3
179.325
179.325
179.33
179.4
179.38
179.58
179.6
179.595
179.595
179.59
179.59
179.58
179.58
179.59
179.58
179.59
179.59
179.58
179.61
179.61
179.635
179.58
179.58
179.58
179.58
179.595
179.595
179.52
179.52
179.53
179.535
179.59
179.59
179.58
179.65
179.65
179.71
179.71
179.73
179.725
179.72
179.68
179.695
179.7
179.7
179.64
179.64
179.655
179.655
179.655
179.665
179.675
179.675
179.675
179.675
179.675
179.675
179.675
179.68
179.685
179.685
179.675
179.68
179.68
179.685
179.685
179.685
179.685
179.685
179.685
179.685
179.68
179.62
179.64
179.68
179.675
179.69
179.65
179.63
179.59
179.65
179.66
179.68
179.68
179.68
179.64
179.64
179.66
179.655
179.65
179.64
179.64
179.64
179.63
179.63
179.625
179.66
179.66
179.66
179.68
179.685
179.7
179.715
179.72
179.72
179.715
179.725
179.725
179.725
179.725
179.725
179.725
179.725
179.75
179.75
179.75
179.75
179.75
179.73
179.73
179.7
179.63
179.695
179.7
179.71
179.71
179.725
179.735
179.735
179.745
179.74
179.74
179.79
179.82
179.85
179.86
179.86
179.86
179.84
179.82
179.82
179.82
179.82
179.82
179.82
179.86
179.86
179.86
179.86
179.86
179.89
179.91
179.85
179.86
179.86
179.86
179.855
179.79
179.79
179.78
179.77
179.8
179.81
179.845
179.85
179.85
179.83
179.755
179.73
179.73
179.74
179.76
179.76
179.75
179.75
179.77
179.79
179.84
179.84
179.8
179.81
179.815
179.77
179.76
179.765
179.77
179.77
179.8
179.8
179.805
179.77
179.79
179.79
179.79
179.735
179.69
179.71
179.69
179.69
179.74
179.74
179.715
179.71
179.73
179.72
179.75
179.76
179.825
179.82
179.82
179.76
179.76
179.76
179.77
179.78
179.79
179.78
179.78
179.775
179.77
179.73
179.73
179.755
179.71
179.67
179.66
179.69
179.69
179.69
179.69
179.7
179.685
179.685
179.685
179.68
179.68
179.7
179.72
179.715
179.695
179.695
179.745
179.715
179.715
179.71
179.715
179.72
179.75
179.75
179.75
179.74
179.76
179.74
179.77
179.77
179.77
179.75
179.75
179.75
179.76
179.75
179.75
179.855
179.88