176.315
176.33
176.33
176.325
176.325
176.32
176.31
176.295
176.3
176.28
176.29
176.295
176.405
176.39
176.4
176.365
176.35
176.28
176.28
176.28
176.27
176.27
176.27
176.255
176.28
176.285
176.285
176.245
176.25
176.215
176.215
176.21
176.15
176.15
176.15
176.15
176.15
176.15
176.2
176.19
176.19
176.18
176.185
176.185
176.2
176.29
176.325
176.34
176.34
176.34
176.34
176.34
176.34
176.34
176.34
176.34
176.34
176.34
176.32
176.28
176.275
176.29
176.29
176.3
176.3
176.31
176.29
176.32
176.31
176.29
176.27
176.28
176.28
176.28
176.28
176.29
176.33
176.3
176.31
176.3
176.39
176.39
176.41
176.41
176.39
176.305
176.295
176.28
176.27
176.27
176.26
176.26
176.34
176.38
176.33
176.39
176.325
176.51
176.51
176.58
176.54
176.54
176.54
176.5
176.455
176.45
176.575
176.575
176.5
176.52
176.555
176.54
176.53
176.53
176.5
176.46
176.45
176.48
176.56
176.55
176.55
176.55
176.55
176.58
176.57
176.57
176.53
176.48
176.505
176.55
176.61
176.61
176.61
176.61
176.59
176.55
176.57
176.59
176.69
176.68
176.635
176.63
176.63
176.595
176.7
176.715
176.69
176.68
176.68
176.68
176.685
176.675
176.67
176.665
176.71
176.73
176.78
176.77
176.77
176.805
176.8
176.69
176.73
176.73
176.7
176.7
176.665
176.64
176.69
176.69
176.7
176.7
176.705
176.79
176.78
176.735
176.735
176.63
176.605
176.55
176.56
176.555
176.57
176.62
176.59
176.59
176.59
176.56
176.545
176.68
176.69
176.63
176.63
176.65
176.67
176.67
176.67
176.7
