175.5
175.51
175.54
175.5
175.45
175.45
175.45
175.45
175.45
175.475
175.475
175.49
175.46
175.57
175.57
175.57
175.57
175.54
175.55
175.58
175.72
175.705
175.66
175.66
175.685
175.71
175.72
175.76
175.77
175.755
175.76
175.83
175.85
175.85
175.84
175.875
175.88
175.915
175.915
175.91
175.93
175.95
175.95
176.0
175.99
176.05
176.05
176.05
176.05
176.05
176.05
176.05
176.05
176.05
176.03
176.075
175.97
176.04
176.05
176.09
176.09
176.09
176.1
176.1
176.215
176.235
176.185
176.14
176.19
176.15
176.16
176.16
176.16
176.19
176.185
176.21
176.29
176.25
176.28
176.28
176.235
176.245
176.21
176.155
176.18
176.185
176.2
176.21
176.19
176.23
176.23
176.23
176.26
176.26
176.26
176.26
176.12
176.15
176.145
176.145
176.13
176.125
176.12
176.065
176.12
176.13
176.14
176.14
176.14
176.11
176.08
176.08
176.08
176.09
176.12
176.1
176.06
176.09
176.09
176.1
176.09
176.065
176.13
176.18
176.17
176.17
176.15
176.15
176.15
176.15
176.175
176.11
175.93
175.93
175.9
175.9
175.88
175.86
175.89
175.93
175.96
175.95
175.97
175.99
175.99
175.95
175.95
175.95
175.95
175.95
175.95
175.95
175.95
175.95
175.95
175.985
175.97
175.95
175.95
175.95
175.94
175.94
175.95
175.95
175.95
175.95
175.95
175.95
175.95
175.95
176.15
176.13
176.14
176.045
176.13
176.13
176.14
176.14
176.16
176.15
176.2
176.235
176.18
176.15
176.18
176.25
176.29
176.33
176.33
176.41
176.23
176.22
176.155
175.95
175.95
175.95
175.97
175.95
175.95
175.95
175.95
175.95
175.95
176.48
176.59
176.59
176.57
176.59
176.66
176.7
176.75
176.68
176.68
176.65
176.71
176.68
176.68
176.675
176.66
176.68
176.66
176.71
176.75
176.77
176.81
176.86
176.89
176.88
176.88
176.87
176.86
176.85
176.82
176.85
176.815
176.845
176.86
176.86
176.875
176.88
176.9
176.96
176.965
176.93
176.93
176.85
176.84
176.95
176.97
176.96
176.95
176.81
176.81
176.81
176.81
176.81
176.81
176.81
176.945
176.945
176.99
176.99
176.955
176.93
176.93
176.92
176.9
176.93
176.93
176.95
177.05
177.04
177.08
177.08
177.01
177.02
177.03
177.17
177.16
177.19
177.19
177.2
177.15
177.19
177.13
177.13
177.13
177.13
177.13
177.14
177.22
177.27
177.23
177.23
177.23
177.215
177.21
177.18
177.18
177.17
177.06
177.06
177.06
177.06
177.02
177.03
177.05
177.05
177.03
177.025
177.025
177.0
177.01
176.99
177.11
177.08
177.06
176.88
176.89
176.89
176.89
176.89
176.885
176.885
176.885
176.835
176.84
176.865
176.795
176.8
176.8
176.8
176.84
176.86
176.87
176.935
176.835
176.79
176.79
176.79
176.79
176.79
176.8
176.83
176.82
176.83
177.11
177.11
177.11
177.115
177.14
177.215
177.21
177.215
177.22
177.215
177.24
177.24
177.28
177.41
177.44
177.41
177.445
177.44
177.335
177.25
177.21
177.21
177.21
177.235
177.11
177.11
177.11
177.11
177.11
177.11
177.11
177.11
177.13
177.21
177.26
177.38
177.375
177.39
177.4
177.41
177.44
177.49
177.575
177.575
177.575
177.575
177.575
177.575
177.59
177.59
177.55
177.55
177.54
177.54
177.435
177.37
177.4
177.42