179.285
179.295
179.295
179.295
179.295
179.28
179.325
179.305
179.305
179.21
179.26
179.26
179.26
179.245
179.25
179.275
179.31
179.32
179.315
179.32
179.29
179.29
179.26
179.33
179.35
179.35
179.35
179.35
179.39
179.385
179.445
179.46
179.345
179.38
179.38
179.41
179.3
179.29
179.29
179.325
179.345
179.37
179.41
179.42
179.31
179.34
179.345
179.34
179.34
179.34
179.34
179.35
179.35
179.34
179.35
179.34
179.34
179.34
179.27
179.27
179.265
179.27
179.27
179.27
179.27
179.275
179.245
179.245
179.26
179.26
179.27
179.28
179.31
179.31
179.285
179.285
179.28
179.28
179.29
179.34
179.345
179.375
179.38
179.385
179.385
179.395
179.3
179.31
179.31
179.34
179.355
179.37
179.37
179.39
179.405
179.39
179.4
179.4
179.415
179.47
179.49
179.49
179.525
179.54
179.55
179.55
179.5
179.5
179.48
179.48
179.48
179.48
179.5
179.5
179.61
179.61
179.61
179.64
179.62
179.62
179.61
179.59
179.565
179.565
179.56
179.555
179.515
179.515
179.515
179.515
179.515
179.51
179.56
179.48
179.48
179.48
179.48
179.48
179.48
179.47
179.46
179.45
179.43
179.45
179.445
179.445
179.49
179.495
179.495
179.52
179.52
179.52
179.52
179.56
179.55
179.49
179.5
179.5
179.515
179.58
179.57
179.57
179.54
179.58
179.575
179.56
179.53
179.48
179.43
179.43
179.45
179.46
179.5
179.46
179.47
179.47
179.45
179.44
179.45
179.455
179.465
179.465
179.445
179.425
179.42
179.42
179.42
179.42
179.43
179.43
179.44
179.44
179.44
179.46
179.46
179.46
179.455
179.455
179.445
179.455
179.475
179.47
179.48
179.48
179.465
179.47
179.44
179.44
179.42
179.42
179.425
179.44
179.455
179.475
179.47
179.5
179.53
179.52
179.55
179.55
179.55
179.56
179.52
179.52
179.52
179.49
179.525
179.525
179.51
179.505
179.49
179.51
179.46
179.46
179.47
179.5
179.52
179.515
179.5
179.47
179.47
179.495
179.49
179.44
179.47
179.47
179.51
179.53
179.54
179.54
179.54
179.555
179.56
179.545
179.545
179.55
179.54
179.53
179.53
179.55
179.52
179.55
179.56
179.48
179.47
179.5
179.49
179.5
179.515
179.54
179.55
179.52
179.5
179.48
179.48
179.5
179.51
179.52
179.52
179.56
179.575
179.565
179.56
179.56
179.56
179.595
179.595
179.6
179.585
179.59
179.58
179.58
179.58
179.58
179.59
179.58
179.59
179.59
179.61
179.595
179.6
179.6
179.62
179.61
179.63
179.63
179.63
179.65
179.655
179.66
179.665
179.6
179.61
179.585
179.585
179.585
179.57
179.575
179.57
179.57
179.6
179.62
179.63
179.63
179.63
179.65
179.66
179.665
179.65
179.65
179.625
179.61
179.62
179.645
179.645
179.65
179.67
179.625
179.56
179.56
179.54
179.54
179.535
179.575
179.575
179.575
179.61
179.61
179.62
179.68
179.67
179.65
179.765
179.76
179.77
179.83
179.76
179.77
179.77
179.78
179.78
179.78
179.81
179.82
179.75
179.75
179.74
179.74
179.72
179.715
179.715
179.73
179.73
179.72
179.72
179.74
179.74
179.74
179.74
179.745
179.745
179.74
179.79
179.79
179.79
179.79
179.81
179.81
179.81
179.835
179.84
179.84
179.87
179.89
179.915
179.915
179.915
179.91
179.915
179.915
179.89
179.885
179.885
179.885
179.92
179.93
179.93
179.93
179.97
179.97
179.97
179.99
179.99
180.0
180.0
180.0
180.0
180.0
180.0
180.0
180.0
180.0
180.0
180.0
180.0
180.0
180.0
180.0
180.05
180.04
180.06
180.03
180.03
180.005
180.01
179.9
179.91
179.91
179.915
179.85
179.73
179.73
179.73
179.73
179.69
179.69
179.69
179.73
179.7
179.75
179.75
179.64
179.64
179.66
179.65
179.705
179.685
179.685
179.685
179.67
179.66
179.67
179.68
179.685
179.69
179.7
179.705
179.71
179.65
179.65
179.65
179.69
179.69
179.695
179.7
179.7
179.69
179.695
179.61
179.625
179.565
179.51
179.51
179.53
179.53
179.505
179.52
179.585
179.61
179.58
179.57
179.58
179.55
179.55
179.595
179.6
179.6
179.6
179.6
179.6
179.595
179.54
179.545
179.54
179.525
179.535
179.575
179.54
179.55
179.525
179.51
179.47
179.47
179.47
179.47
179.41
179.465
179.465
179.46
179.46
179.47
179.5
179.44
179.455
179.44
179.42
179.39
179.425
179.43
179.35
179.41
179.41
179.41
179.42
179.42
179.42
179.39
179.39
179.39
179.39
179.425
179.43
179.45
179.45
179.45
179.45
179.46
179.46
179.49
179.46
179.46
179.46
179.45
179.44
179.435
179.46
179.46
179.45
179.45
179.42
179.4
179.4
179.38
179.345
179.34
179.355
179.405
179.405
179.41
179.41
179.415
179.415
179.415
179.42
179.42
179.42
179.41
179.41
179.38
179.36
179.375
179.38
179.38
179.32
179.315
179.32
179.32
179.315
179.3
179.3
179.3
179.28
179.28
179.275
179.21
179.2
179.13
179.145
179.145
179.145
179.16
179.16
179.16
179.17
179.2
179.2
179.2
179.205
179.205
179.205
179.205
179.21
179.21
179.24
179.25
179.25
179.25
179.25
179.24
179.23
179.225
179.225
179.225
179.225
179.24
179.235
179.265
179.28
179.29
179.33
179.33
179.31
179.31
179.31
179.34
179.34
179.34
179.34
179.33
179.33
179.33
179.335
179.335
179.32
179.285
179.28
179.22
179.19
179.19
179.185
179.19
179.17
179.185
179.2
179.205
179.205
179.18
179.185
179.18
179.23
179.23
179.23
179.23
179.23
179.24
179.28
179.29
179.27
179.25
179.26
179.26
179.13
179.12
179.11
179.12
179.145
179.145
179.185
179.185
179.17
179.2
179.18
179.18
179.185
179.19
179.2
179.2
179.2
179.18
179.18
179.18
179.135
179.13
179.13
179.105
179.08
179.07
179.075
179.05
179.035
179.05
179.05
179.03
179.0
178.995
178.98
178.98
178.985
179.0
179.0
178.995
179.015
179.03
179.03
179.03
179.03
179.02
178.995
179.0
179.015
179.015
179.02
179.01
179.025
179.025
179.04
179.04
179.04
179.055
179.09
179.09
179.07
179.065
179.065
179.085
179.08
179.075
179.08
179.08
179.08
179.08
179.06
179.06
179.02
179.02
179.02
179.04
179.04
179.055
179.06
179.06
179.06
179.07
179.07
179.07
179.07
179.06
179.07
179.09
179.09
179.1
179.14
179.14
179.13
179.135
179.145
179.145
179.16
179.14
179.13
179.13
179.12
179.12
179.095
179.09
179.09
179.09
179.09
179.09
179.1
179.1
179.1
179.09
179.09
179.09
179.13
179.12
179.125
179.125
179.13
179.13
179.13
179.13
179.13
179.14
179.14
179.14
179.14
179.14
179.15
179.14
179.14
179.14
179.14
179.13
179.14
179.135
179.13
179.14
179.15
179.15
179.15
179.15
179.15
179.15
179.15
179.15
179.15
179.16
179.165
179.16
179.14
179.13
179.12
179.115
179.115
179.13
179.13
179.13
179.13
179.135
179.135
179.135
179.1
179.1
179.1
179.1
179.11
179.12
179.125
179.125
179.125
179.125
179.155
179.15
179.15
179.15
179.15
179.15
179.15
179.16
179.16
179.2
179.23
179.23
179.23
179.23
179.23
179.23
179.23
179.23
179.23
179.23
179.24
179.24
179.24
179.235
179.22
179.22
179.22
179.24
179.24
179.27
179.27
179.29
179.255
179.255
179.26
179.3
179.3
179.32
179.32
179.27
179.27
179.27
179.27
179.29
179.3
179.3
179.3
179.28
179.28
179.28
179.285
179.285
179.27
179.28
179.29
179.29
179.29
179.29
179.3
179.3
179.3
179.3
179.315
179.315
179.31
179.31
179.31
179.31
179.31
179.31
179.3
179.3
179.3
179.28
179.28
179.29
179.28
179.295
179.295
179.29
179.27
179.295
179.29
179.29
179.29
179.275
179.3
179.29
179.295
179.295
179.3
179.31
179.295
179.295
179.28
179.26
179.3
179.3
179.3
179.295
179.3
179.29
179.29
179.25