175.68
175.67
175.65
175.66
175.62
175.44
175.51
175.475
175.35
175.44
175.42
175.42
175.42
175.43
175.36
175.27
175.27
175.38
175.38
175.38
175.38
175.42
175.41
175.5
175.43
175.32
175.29
175.29
175.26
175.29
175.25
175.23
175.23
175.21
175.21
175.2
175.21
175.2
175.27
175.31
175.29
175.255
175.25
175.25
175.16
175.09
175.11
175.335
175.335
175.34
175.35
175.31
175.37
175.37
175.38
175.4
175.43
175.43
175.44
175.41
175.35
175.32
175.32
175.31
175.31
175.425
175.435
175.355
175.27
175.35
175.345
175.35
175.38
175.39
175.35
175.31
175.285
175.25
175.41
175.46
175.42
175.485
175.44
175.46
175.48
175.32
175.3
175.3
175.3
175.3
175.39
175.39
175.48
175.48
175.49
175.51
175.53
175.54
175.54
175.54
175.54
175.52
175.48
175.47
175.5
175.375
175.38
175.36
175.445
175.435
175.55
175.56
175.51
175.42
175.42
175.27
175.27
175.29
175.27
175.27
175.27
175.27
175.225
175.31
175.24
175.295
175.295
175.31
175.31
175.38
175.35
175.35
175.31
175.32
175.35
175.29
175.27
175.28
175.28
175.35
175.35
175.35
175.35
175.35
175.35
175.36
175.36
175.4
175.215
175.215
175.215
175.28
175.28
175.345
175.43
175.43
175.43
175.43
175.43
175.43
175.46
175.46
175.44
175.45
175.345
175.27
175.27
175.35
175.33
175.36
175.345
175.31
175.24
175.24
175.15
175.22
175.195
175.2
175.14
175.1
175.06
175.085
175.1
175.125
175.14
175.0
175.04
175.04
175.03
175.03
175.02
175.0
175.0
175.0
175.02
175.03
175.03
175.0
175.02
175.07
175.08
175.12
175.145
175.09
175.09
175.07
175.07
175.11
175.11
175.11
175.07
175.16
175.3
175.38
175.37
175.37
175.37
175.28
175.17
175.125
175.085
175.085
175.085
174.92
174.94
174.99
174.97
174.88
174.88
174.88
174.82
174.87
174.81
174.75
174.77
174.74
174.81
174.8
174.86
174.89
174.84
174.82
174.89
174.875
174.85
174.85
174.88
174.9
174.935
174.955
174.95
174.96
174.97
174.97
174.97
174.93
174.93
174.97
175.01
175.01
175.06
175.08
175.1
175.13
175.09
175.09
175.15
175.17
175.23
175.12
175.12
175.22
175.23
175.225
175.23
175.23
175.23
175.23
175.23
175.23
175.19
175.2
175.33
175.3
175.3
175.29
175.29
175.25
175.28
175.29
175.25
175.12
175.12
175.15
175.15
175.15
175.15
175.155
175.21
175.17
175.22
175.22
175.25
175.25
175.25
175.25
175.34
175.37
175.38
175.25
175.25
175.28
175.28
175.22
175.24
175.225
175.225
175.175
175.15
175.15
175.15
175.09
175.1
175.24
175.17
175.13
175.13
175.085
175.12
175.13
175.13
175.13
175.19
175.19
175.175
175.2
175.21
175.23
175.04
175.05
175.04
175.06
175.1
175.09
175.11
175.06
175.01
175.0
174.97
175.02
174.96
174.925
174.93
174.94
175.0
174.96
175.03
175.04
175.02
175.04
175.08
175.08
175.085
175.085
175.085
175.085
175.16
175.2
175.24
175.24
175.24
175.28
175.31
175.445
175.475
175.55
175.61
175.65
175.69
175.71
175.71
175.71
175.71
175.72
175.72
175.73
175.73
175.73
175.715
175.63
175.57
175.62
175.67
175.615
175.6
175.6
175.56
175.51
175.635
175.65
175.62
175.5
175.69
175.62
175.62
175.575
175.58
175.59
175.59
175.6
175.58
175.6
175.35
175.35
175.325
175.365
175.38
175.47
175.5
175.455
175.47
175.44
175.44
175.44
175.43
175.43
175.43
175.42
175.42
175.42
175.41
175.45
175.35
175.37
175.3
175.35
175.375
175.43
175.41
175.48
175.35
175.345
175.38
175.43
175.49
175.565
175.6
175.59
175.36
175.36
175.36
175.46
175.46
175.54
175.535
175.45
175.49
175.5
175.53
175.54
175.6
175.64
175.67
175.585
175.51
175.51
175.51
175.51
175.51
175.51
175.6
175.63
175.635
175.65
175.65
175.57
175.395
175.39
175.425
175.48
175.48
175.6
175.59
175.7
175.695
175.695
175.74
175.72
175.73
175.76
175.79
175.895
175.97
175.97
175.9
175.92
175.915
175.92
175.89
175.91
175.91
175.84
175.81
175.75
175.785
175.785
175.8
175.785
175.78
175.76
175.75
175.745
175.69
175.69
175.69
175.73
175.73
175.7
175.67
175.43
175.5
175.55
175.485
175.53
175.53
175.55
175.55
175.6
175.625
175.54
175.55
175.6
175.61
175.62
175.57
175.56
175.53
175.52
175.51
175.45
175.465
175.5
175.52
175.39
175.38
175.45
175.45
175.47
175.47
175.47
175.62
175.62
175.6
175.5
175.5
175.31
175.335
175.345
175.34
175.36
175.39
175.47
175.48
175.52
175.52
175.52
175.52
175.52
175.49
175.43
175.43
175.35
175.14
175.23
175.23
175.07
175.15
175.18
175.18
175.18
175.16
175.2
175.18
175.19
175.17
175.15
175.08
175.09
175.225
175.28
175.26
175.36
175.42
175.41
175.42
175.38
175.45
175.44
175.4
175.44
175.45
175.48
175.415
175.44
175.46
175.46
175.53
175.47
175.475
175.43
175.44
175.47
175.41
175.47
175.48
175.48
175.48
175.48
175.48
175.47
175.48
175.51
175.51
175.505
175.54
175.54
175.58
175.62
175.6
175.505
175.51
175.51
175.51
175.56
175.54
175.535
175.52
175.57
175.575
175.605
175.62
175.62
175.61
175.61
175.595
175.595
175.67
175.675
175.66
175.665
175.655
175.68
175.69
175.71
175.69
175.6
175.53
175.42
175.42
175.435
175.335
175.32
175.38
175.49
175.51
175.54
175.6
175.61
175.64
175.64
175.69
175.69
175.7
175.695
175.73
175.73
175.72
175.72
175.71
175.71
175.73
175.735
175.8
175.785
175.77
175.79
175.52
175.55
175.56
175.53
175.42
175.44
175.39
175.38
175.465
175.49
175.37
175.31
175.3
175.29
175.395
175.395
175.395
175.34
175.29
175.245
175.245
175.22
175.22
175.295
175.285
175.325
175.29
175.31
175.305
175.32
175.34
175.25
175.285
175.33
175.33
175.33
175.36
175.36
175.36
175.4
175.4
175.44
175.435
175.435
175.375
175.29
175.29
175.29
175.29
175.29
175.245
175.265
175.29
175.325
175.32
175.32
175.325
175.34
175.32
175.35
175.35
175.35
175.3
175.445
175.54
175.55
175.515
175.42
175.41
175.385
175.38
175.34
175.38
175.47
175.47
175.41
175.34
175.315
175.32
175.32
175.42
175.42
175.435
175.47
175.42
175.39
175.41
175.4
175.4
175.39
175.41
175.44
175.445
175.45
175.46
175.44
175.48
175.49
175.51
175.54
175.54
175.515
175.495
175.48
175.515
175.54
175.58
175.55
175.51
175.48
175.48
175.47
175.48
175.495
175.47
175.32
175.28
175.39
175.415
175.46
175.46
175.44
175.42
175.42
175.41