177.41
177.42
177.42
177.46
177.38
177.24
177.11
177.1
177.075
177.2
177.18
177.155
177.14
177.13
177.13
177.12
177.125
177.15
177.11
177.16
177.13
177.13
177.17
177.18
177.24
177.215
177.215
177.225
177.29
177.35
177.33
177.37
177.425
177.44
177.44
177.46
177.48
177.485
177.48
177.43
177.44
177.44
177.45
177.48
177.48
177.48
177.48
177.43
177.42
177.45
177.45
177.46
177.43
177.35
177.35
177.27
177.22
177.48
177.47
177.36
177.36
177.37
177.36
177.325
177.34
177.34
177.345
177.36
177.4
177.4
177.42
177.435
177.435
177.435
177.435
177.44
177.435
177.445
177.455
177.46
177.45
177.455
177.44
177.425
177.485
177.45
177.51
177.48
177.48
177.475
177.53
177.51
177.53
177.615
177.64
177.635
177.635
177.635
177.61
177.585
177.585
177.585
177.585
177.52
177.53
177.535
177.535
177.54
177.29
177.25
177.28
177.32
177.22
177.23
177.21
177.25
177.28
177.275
177.26
177.255
177.255
177.24
177.21
177.195
177.24
177.25
177.19
177.19
177.19
177.18
177.18
177.19
177.18
177.22
177.28
177.3
177.3
177.35
177.4
177.39
177.37
177.38
177.385
177.44
177.45
177.45
177.45
177.45
177.375
177.35
177.36
177.36
177.39
177.41
177.425
177.535
177.51
177.51
177.49
177.49
177.5
177.435
177.41
177.425
177.45
177.44
177.425
177.425
177.42
177.435
177.435
177.44
177.46
177.46
177.46
177.465
177.455
177.455
177.46
177.485
177.5
177.46
177.5
177.43
177.5
177.51
177.52
177.54
177.54
177.54
177.54
177.48
177.46
177.56
177.57
177.65
177.82
177.82
177.7
177.7
177.95
177.94
178.0
178.0
178.0
178.0
178.01
178.0
177.97
177.995
177.995
178.01
177.95
177.97
177.97
178.01
178.01
178.03
178.03
178.05
178.05
178.035
178.035
178.035
178.14
178.15
178.09
178.11
178.12
178.2
178.11
178.125
178.095
178.095
178.095
178.07
178.1
178.14
178.12
178.12
178.125
178.125
178.14
178.14
178.15
178.19
178.2
178.23
178.235
178.19
178.19
178.12
178.12
178.0
178.0
177.99
177.99
178.015
178.03
178.045
178.025
178.04
178.08
178.095
178.1
178.13
178.135
178.135
178.125
178.19
178.175
178.17
178.19
178.21
178.18
178.19
178.12
